time,x,y,z,phi,theta,psi,x_velocity,y_velocity,z_velocity,phi_velocity,theta_velocity,psi_velocity,rotor_speed1,rotor_speed2,rotor_speed3,rotor_speed4
0.06,-4.945139965864727e-07,-8.305212758664149e-08,10.00155443357855,6.283001702367713,0.00044735887053359846,0.0,-4.06417642988654e-05,-1.0684769587877596e-05,0.051812992335346544,-0.010016766175857488,0.019272955458850313,0.0,419.49595850948356,421.16581142209776,422.76645137276824,421.9027135250913
0.12000000000000001,-1.776398724945163e-05,-7.453784881352734e-06,10.009577257028702,6.282290989828894,0.001386740755884297,0.0,-0.0006531452789837323,-0.00030779548017619755,0.21559685526472616,-0.015778714237847387,0.007211122389662471,0.0,457.0799359004228,456.1177392327879,457.02821620589003,456.56894496496466
0.18,-9.071906793110736e-05,-5.0187431975464194e-05,10.027608429231584,6.281420103736327,0.002143398745086067,0.0,-0.0018473938742678457,-0.0012185906972890861,0.3853993865822254,-0.012099752448285546,0.02166868621539024,0.0,457.46293809305894,458.6124108370889,458.98085328399117,459.27280329878994
0.23999999999999996,-0.0002622564667276202,-0.00017163857175168267,10.058577860673111,6.280795846764132,0.003263790226621488,0.0,-0.004023642511895117,-0.0029143227793578044,0.6468030892120952,-0.007212380194894531,0.011884951539230304,0.0,485.60657913602756,484.8721521268823,485.8041244670992,486.17052752175925
0.3,-0.0005678856551303675,-0.0003923219461719328,10.098342658128134,6.280533423834633,0.004768230181595889,0.0,-0.006273388453677937,-0.004473204864315071,0.678671043449483,0.0007725414508770313,0.0432511267526754,0.0,413.6882067856914,416.44071512196484,414.91329231183585,415.6137038190596
0.36000000000000004,-0.0010533661016482816,-0.0007156860437350292,10.142203879073861,6.280588222505646,0.007145353598569493,0.0,-0.010165504199099864,-0.006300226107350166,0.7833018609694932,0.0011933980157927176,0.031132074709117406,0.0,439.48936206263926,438.4846776513159,438.71849624086474,438.75341325750327
0.4200000000000001,-0.0018156273820431937,-0.0011463215780438897,10.191888419016152,6.280574300030274,0.008872776726488674,0.0,-0.015423769855061279,-0.00805106168482131,0.8727835527433725,-0.003247515668658111,0.02364007852566984,0.0,434.83145922798315,434.20372437639645,434.06595422930974,433.69316891531935
0.48000000000000015,-0.002912080135204264,-0.0016788348087380714,10.245325317787199,6.280528637942361,0.009999524548987004,0.0,-0.0212443211962235,-0.009710044814419925,0.9084173281221005,0.003798558995768181,0.006653526669039789,0.0,417.0988490382516,415.61287485118055,416.8894827999696,417.50463712417326
0.5400000000000001,-0.004367935135291662,-0.002307699215576758,10.300156295588339,6.2801703931324475,0.009996861322928652,0.0,-0.027306551705522434,-0.011238710016498477,0.9192729375767578,-0.04708065522043087,-0.018869605014387697,0.0,409.6426089157932,407.36698330688006,410.76420689582204,406.2276008895415
0.6000000000000002,-0.00622452146181547,-0.0030602089272403466,10.359908750678388,6.277777552938138,0.009175707840567426,0.0,-0.03447290634211589,-0.014127890001824983,1.072344050896217,-0.028393995137043177,-0.0049365272645941136,0.0,453.36077620973134,454.4788555353929,453.94456339434566,455.4405570424457
0.6600000000000003,-0.00850586032241143,-0.004041472086029285,10.429943987316111,6.276140747145698,0.00878438202902565,0.0,-0.041530663155519884,-0.01877221705116355,1.2619728443072764,-0.025140813796970186,-0.009898537501922496,0.0,466.06951137524067,465.6816842413038,465.2735935513172,465.5280454942699
0.7200000000000003,-0.011247068002360689,-0.0053783119254037105,10.516738929117228,6.274572770333922,0.00823983737547529,0.0,-0.04975846359436835,-0.026003774684012135,1.6307403592590348,-0.028194665936860295,-0.00747890991796145,0.0,516.7718272805866,516.9424716976458,516.7091783254436,516.4938328137373
0.7800000000000004,-0.014483742161549547,-0.007213007951072456,10.627660203468825,6.2726863469420735,0.008047565714241145,0.0,-0.0580783320436276,-0.035416416299609975,2.0659529402311856,-0.03888249363102311,0.00420684259619074,0.0,534.5781896189675,535.3738682252732,535.8152595828207,535.0880498030835
0.8400000000000004,-0.0181865932935644,-0.009630599491522883,10.76091431825962,6.271387528109505,0.008098348254306664,0.0,-0.06536687387113359,-0.04538813017894412,2.3752586920154735,0.00013458509275611485,-0.006903927814487866,0.0,502.483671994736,501.677608264196,502.12800844692515,504.9502334271409
0.9000000000000005,-0.022277413760948873,-0.012601137514169419,10.906813991483435,6.272114344155142,0.0074981832914353674,0.0,-0.07094023503578192,-0.05358167056844391,2.4878263115738304,0.02908659022195659,-0.017059938258463022,0.0,446.2213381593165,445.39163388011514,445.6066006522898,447.96694463917703
0.9600000000000005,-0.02671812552638673,-0.01608631326252952,11.063623050568875,6.274277746033743,0.006089445657776693,0.0,-0.07693441058053124,-0.06233868117148758,2.738580283986486,0.04724622393509598,-0.04115183189396126,0.0,487.76095079107023,485.9583736125258,488.4585161913077,489.811283172321
1.0200000000000005,-0.03144483311661646,-0.01999129645107908,11.229906455041862,6.276807035955507,0.0035094900570715737,0.0,-0.08037758639889948,-0.0675638934173436,2.8040454160939943,0.02928782738672794,-0.046975615575068894,0.0,433.25720691354877,432.7662021409417,433.95712216540085,432.44803178318875
1.0800000000000005,-0.03632789501619364,-0.024166618678152806,11.4005631733008,6.278694948765509,0.0009168369603891335,0.0,-0.08212369149713825,-0.07143163539565808,2.884315160936836,0.03549784033090396,-0.036583450722510756,0.0,437.56699585824896,438.4301779200126,438.1060518966809,438.62244849226715
1.1400000000000006,-0.041267634236063055,-0.02854758261238305,11.579511962340145,6.281750082488081,6.28193323194902,0.0,-0.08228085808105275,-0.07428533827084505,3.0801402515099654,0.0711568803487123,-0.035292783763513746,0.0,474.1462075621352,474.2448556956895,472.27300069867084,475.0167237117684
1.2000000000000006,-0.04616961559885081,-0.03301864561178102,11.768012464493406,0.002889771434869459,6.279532287058242,0.0,-0.0808836813346601,-0.07429759277507308,3.2028751975456937,0.07387355008055033,-0.0517028076007445,0.0,454.13329202642115,452.81423296010206,452.35637940116385,452.5789997677736
1.2600000000000007,-0.050910631309413756,-0.037377591491068285,11.969305782856148,0.007137989632475694,6.27694225677498,0.0,-0.07678364186248744,-0.07043034172021012,3.506021988439433,0.06382607280055948,-0.03001854326481274,0.0,506.0994551038783,507.6569018518019,505.74657155187833,505.02552909176296
1.3200000000000007,-0.055403140061351164,-0.04146630874686691,12.179525786697146,0.011005487014991822,6.275462697714424,0.0,-0.07282620238685407,-0.06552752076365502,3.5013235862428247,0.06569307150493729,-0.015660189309538504,0.0,413.67249191990186,414.9348172346784,414.89170816933415,415.0589729139024
1.3800000000000008,-0.059573170098121575,-0.04510016872064311,12.397331692740485,0.015228419731052156,6.274895792559052,0.0,-0.06608960121997232,-0.055098529115311344,3.758060840757484,0.0784086732016305,0.0007351659931610225,0.0,494.4683593146971,495.67485412043334,494.2248060991238,495.1643321893725
1.4400000000000008,-0.06338210920668762,-0.048101914541199074,12.62408595145671,0.019796493118146685,6.274885270911785,0.0,-0.06087762321734751,-0.04452867246203838,3.8002689428374503,0.07115010193596376,-0.0020617670565268587,0.0,431.70245881520486,431.4663794817027,432.5209719500463,431.91392294144975
1.5000000000000009,-0.06688605637968555,-0.050405144898673857,12.852341832905347,0.024592344479041017,6.274443323955438,0.0,-0.05589831298257515,-0.03184226659510988,3.8082260732658524,0.09336923682160925,-0.02094569641037947,0.0,421.1569854083608,419.520454669512,420.69932353063007,422.6242817571843
1.560000000000001,-0.07008230925278733,-0.05186535857563927,13.080772092924292,0.030023742727729008,6.272806440338826,0.0,-0.05052168381839098,-0.0163516885043711,3.8061104197923505,0.0841234851240448,-0.04462123860894749,0.0,419.4354542250356,417.37373430749153,417.4480587486204,416.6478494398455
1.620000000000001,-0.0728352212626152,-0.0520533848568384,13.31711162574311,0.035139791358111516,6.26968618984022,0.0,-0.04089480459555295,0.010697918129346777,4.070947426126766,0.08746116286096567,-0.07391225986731058,0.0,499.52284111029985,497.38049200302044,499.6909068459719,499.9392567261557
1.680000000000001,-0.07499611944423439,-0.050672818404881616,13.564177663441471,0.040384511693105196,6.265379859463685,0.0,-0.030699023721570826,0.03583833263100712,4.164226883672842,0.08731357716093885,-0.06780504208045827,0.0,450.4057444096141,450.89553182939704,450.31161028748284,450.30589221669305
1.740000000000001,-0.07648742509136103,-0.04774116609433644,13.815270940505336,0.04516855962940802,6.261249143002932,0.0,-0.018631605050114297,0.0623516609943564,4.205370753310847,0.05685764754759649,-0.07101023438516266,0.0,435.7921893444021,435.5204734403606,435.1556829713256,432.6034464916126
1.8000000000000012,-0.07708114071707588,-0.04294391643036054,14.072993900660737,0.048213739016905066,6.256897590957674,0.0,-0.000684679113799094,0.09789774069679406,4.384693708628248,0.0343134734456581,-0.0757419812167979,0.0,477.499017545291,477.1342032763958,478.6230000907165,476.90537916550556
1.8600000000000012,-0.07645734527173056,-0.03587927739886167,14.34291138205626,0.04985060629256832,6.252326486649309,0.0,0.022004151391606656,0.13777754023183825,4.611638062847073,0.00700328487360443,-0.07708578364479926,0.0,492.7569184831206,492.6536032765449,493.6376299109411,491.6181512851105
1.9200000000000013,-0.07435628273323193,-0.02638388129128139,14.626549699460334,0.05001912060279334,6.247399542893376,0.0,0.048577147198618935,0.178725810418389,4.841999420543719,-0.007282199491197205,-0.09477593652364033,0.0,496.03956996714,494.73380979771656,495.95498231810683,494.90450432281546
1.9800000000000013,-0.0707144226556868,-0.014674470935606684,14.919139317561822,0.04960119727509582,6.241815531780585,0.0,0.07335579805316875,0.2115309385629006,4.910669673376027,-0.006339158072283667,-0.08985305404115908,0.0,449.8245739272601,450.2158934774169,448.6812888545824,448.7579645156817
2.0400000000000014,-0.06544836614824237,-0.000971867434875708,15.216513667129162,0.04900119199439157,6.236571752993736,0.0,0.10269740483429904,0.24515372671528554,5.001386996417826,-0.01856822268445417,-0.08289004002413698,0.0,456.6078103549616,457.1569101632298,457.3246521795793,456.3495365015043
2.1000000000000014,-0.05842300812487758,0.01462333061467323,15.517082977704808,0.047590106668696563,6.231494411887557,0.0,0.13192798475399828,0.2745702444187489,5.01749379091603,-0.03592761401645765,-0.08833129952838785,0.0,435.7038227997097,435.24255461900356,433.7464158538819,432.2857448373276
2.1600000000000015,-0.049169305120235283,0.032295486292581235,15.825843606938252,0.04532040266580584,6.226384186442305,0.0,0.17711817981013647,0.3141685795031005,5.273349472775374,-0.04192919050742647,-0.07950216166342389,0.0,505.9005350924997,506.5309142675647,506.065110246067,505.6323831602912
2.2200000000000015,-0.03724804360814439,0.05215139660198791,16.147002017957423,0.0427271615727145,6.222275967389692,0.0,0.22069857961089456,0.3473767496334791,5.4311659218384145,-0.045936747062380705,-0.05249457236249773,0.0,479.2398939068134,481.2851878273555,480.6622692743348,480.3575346140111
2.2800000000000016,-0.02280478262738541,0.07381736425804947,16.47471657554888,0.040127077609918516,6.219157451612219,0.0,0.2610272224685038,0.37454920524522994,5.492339317774694,-0.03858280648388229,-0.050956729444884,0.0,452.7138775660033,452.835930295025,452.57554885772936,453.1661414173895
2.3400000000000016,-0.005597543592362369,0.09723884745413405,16.810479135613228,0.038491130407506624,6.215776831670569,0.0,0.3128571466084995,0.40589809765085644,5.69870775956046,-0.01098272539229288,-0.07019727783058494,0.0,497.4380786555622,496.0250043400912,495.15869657700904,497.1850420539562
2.4000000000000017,0.01444352220644146,0.12230464838775945,17.153326693297736,0.03787432531532264,6.211793806525598,0.0,0.3555424226236931,0.4295605661861339,5.72935052810356,-0.008910580817954983,-0.05968168762541853,0.0,444.85225635858114,445.7093452836119,446.8634673673221,447.03250618032274
2.4600000000000017,0.0371378720371665,0.14878896219041693,17.49828443343515,0.037351022868813644,6.20817022276721,0.0,0.40125587430398146,0.4531892665539161,5.768999617357356,-0.008346604705133131,-0.06185451387920864,0.0,449.9383855664464,449.7598695529976,448.82873517124835,448.87463519190857
2.520000000000002,0.06294155289445356,0.17682751736169178,17.84954820165657,0.03715828198337068,6.204990404085901,0.0,0.4591816578979437,0.4813553880726588,5.93887253595265,0.005466717763558939,-0.03946503900460471,0.0,488.2769994280642,489.94302775715744,488.1912503397498,489.22108232709496
2.580000000000002,0.09209547154239939,0.20646292112167375,18.208551891026737,0.037197302931313736,6.20230989954489,0.0,0.5128273361474657,0.5064910032038452,6.027407057710031,-0.011335955778999578,-0.057933810804896055,0.0,467.4309865127824,465.9880951491543,467.45557630552133,466.14413513282153
2.640000000000002,0.12465330961342905,0.23766072090140672,18.574425215641863,0.03621936625080391,6.199595562830893,0.0,0.572695933024249,0.5333161346416073,6.167571414729998,-0.028751959323476736,-0.027549299659989535,0.0,481.9011235756595,484.19159536776147,483.78318168185257,482.469894998218
2.700000000000002,0.16040309246770706,0.2702481676554439,18.9433199345708,0.03445028957250251,6.1980858363795654,0.0,0.619106668326524,0.5527918703978827,6.129098465299457,-0.030991455857958993,-0.020771180231816608,0.0,428.94716967610765,429.52238791286226,429.94662942612166,429.7565089723878
2.760000000000002,0.19904879204720488,0.30400937945180395,19.31093569341993,0.03311197617495587,6.1972636007840425,0.0,0.6691684537438989,0.5724425322836372,6.124756597631973,-0.00897415127216867,-0.0023864984962197328,0.0,440.1580509444726,441.67732953326066,438.60297404097713,440.42805329541466
2.820000000000002,0.24080185117220823,0.3389649116918711,19.679371138959713,0.03271793980468374,6.197406474589984,0.0,0.7225788191774672,0.5926896026230145,6.156230182267573,-0.0021423015148786186,0.010527544131525676,0.0,450.49323915276426,451.53644717724995,451.79718949740754,452.34790236106255
2.880000000000002,0.28606998022327335,0.3752489400069523,20.053378067279443,0.03229310715796441,6.198178642186043,0.0,0.7862020603797345,0.6167189104303343,6.309806440479429,-0.019455189812333233,0.017184000330321268,0.0,487.48193580153975,487.9790413916687,490.00064621716206,488.71176898214213
2.940000000000002,0.3344467915231723,0.41270041469573737,20.42850195570134,0.030769727394604374,6.1989129831896665,0.0,0.8263409695507775,0.6315871862109165,6.194947244964949,-0.041194928966522694,-0.0001566198537831234,0.0,405.8051100758761,404.24504333425745,407.3776148231703,405.4282451344196
3.000000000000002,0.3857328922577879,0.45120152507763056,20.802782444210685,0.02851319044846612,6.19970151350709,0.0,0.8831003995875163,0.6515273982477789,6.280589548306424,-0.031260940898183806,0.03142711644730486,0.0,467.8562146526274,470.3093029174033,468.53420855841574,469.30544909896486
3.0600000000000023,0.43998843395714665,0.49071498900877375,21.17726260005946,0.026344169928985472,6.2022173134307685,0.0,0.9252721247540938,0.6654434549750806,6.202519348903945,-0.04836407121036294,0.057336874232611426,0.0,416.66512884996416,418.92571351109757,418.8978857955458,417.4068422800259
3.1200000000000023,0.4973062731882541,0.5312111513602548,21.55422443193877,0.023466986616065277,6.205932473190575,0.0,0.9848408862057707,0.6840798285626506,6.362025498641575,-0.047143699455882065,0.06978850875932294,0.0,490.8086005657237,491.7343576129155,490.1323032430275,490.2218476397694
3.1800000000000024,0.5578507628963109,0.5726824876056364,21.937391931028042,0.020638641115797718,6.209930163490892,0.0,1.032886648993853,0.6980190609589622,6.4099895405407645,-0.04712988075102131,0.05941399160243611,0.0,460.5120453468778,459.69361715982774,458.5517542087703,458.5515956808523
3.2400000000000024,0.6210772718314629,0.6149013568056034,22.321753499876603,0.01829001527005225,6.213940393955472,0.0,1.0743228645095941,0.7090519188772161,6.402138717011247,-0.026665171996623147,0.07860736472234385,0.0,441.0764353412872,442.6623391921378,442.05750391198325,443.7401743025193
3.3000000000000025,0.686872435712405,0.6577857063944348,22.70797278804793,0.016912342637544597,6.21821413897284,0.0,1.1183596333155135,0.720271050184241,6.471482024614795,-0.01642745436938752,0.049348627943194515,0.0,467.37383336325496,465.0907538210288,465.6582961488774,466.45861461024106
3.3600000000000025,0.7550258204039739,0.7012661464459553,23.095225036152137,0.01699795987343844,6.221563924778282,0.0,1.1531547499788712,0.7290518057230624,6.4371403905438225,0.02371088472874331,0.06637244614379086,0.0,434.2004858984936,435.6288178158957,432.39047773814514,435.7596637243117
3.4200000000000026,0.8252759276309961,0.7453006986704236,23.481584097876542,0.018191301379350655,6.225368786017402,0.0,1.1881525283110232,0.738882368454476,6.441489271764629,0.010872419997020563,0.056725673817084286,0.0,447.512466821935,446.72923604369015,446.21437715716854,445.164794358773
3.4800000000000026,0.8976691604797098,0.7899802410859108,23.870182872431077,0.01913268309152727,6.228280133597863,0.0,1.2245967840374423,0.7505065562860365,6.511420780798953,0.023907894330903477,0.02217532744684855,0.0,467.4640449134396,464.7645129177369,466.63700635715423,467.6536002054794
3.5400000000000027,0.9720927711574083,0.8353418006992521,24.261099482639285,0.02055183733810395,6.2298983234598,0.0,1.256041502517938,0.7616701991099928,6.519085435806955,0.023137030883571705,0.03515392480673428,0.0,448.2988728787573,449.35262543987176,447.7777391781865,447.71506425239164
3.6000000000000028,1.048279153442288,0.8813630722008882,24.650784629759688,0.02178703191417597,6.231887485680893,0.0,1.2833387361904656,0.7724827807325573,6.4707010119665735,0.014924041744167657,0.02881641055338561,0.0,430.9126309046813,430.3768883293579,430.56580350496705,429.87022520838815
3.660000000000003,1.1261322551163448,0.9280793728402565,25.03881825031127,0.023104949034663314,6.2341570772414965,0.0,1.3115742726858572,0.784824776569963,6.4637971891006885,0.03324844592592901,0.05154019629360322,0.0,442.36461080192646,444.23296807162086,442.3273690956192,443.8342498975206
3.720000000000003,1.205810679837763,0.9756484755032928,25.43011001049177,0.02518737854541797,6.237068147401301,0.0,1.3440087610415898,0.8010092438778758,6.5786108213201615,0.03747512293885617,0.041662154607184115,0.0,481.02412185839614,480.2765790719713,479.5443588633693,479.8657920182116
3.780000000000003,1.2873254535037322,1.024207376659968,25.827270195706944,0.02716202919105193,6.239198677270004,0.0,1.372877419363894,0.8178201592600385,6.659591077239433,0.021714208878044317,0.01888010382103692,0.0,473.03106493582294,471.27346333583586,471.389021711679,470.1695767310472
3.840000000000003,1.370343805896766,1.0736938871528527,26.225015302753857,0.02838485826639836,6.239833100243278,0.0,1.39432564025016,0.8318369960990801,6.598930115399708,0.017570170946645598,-0.016429025653352903,0.0,430.32088368496613,427.32067488161886,427.6581897325044,427.30496654206627
3.900000000000003,1.4548449742983245,1.124172415370452,26.62375426741717,0.029714607785201075,6.238971054869648,0.0,1.42244039721246,0.8508837500424264,6.691796302429896,0.030048732227770963,-0.010533932317114095,0.0,475.3735278464041,475.82526342717694,474.4584551419941,475.41573819409695
3.960000000000003,1.540905043255428,1.175726713233649,27.02485148742347,0.031053581505897654,6.2385239947622075,0.0,1.4462673854460586,0.8677339108762203,6.678166867246679,-0.0013768510695191787,-0.0019054130629165894,0.0,442.96803016249504,443.6773064249008,445.61541619561444,443.0384685079977
4.020000000000002,1.6283579447249275,1.2282800595942418,27.42421488616069,0.030519088646064674,6.238441583532163,0.0,1.468837467514865,0.884028171794778,6.63419785313106,-0.03156530098344847,-0.00033032373051965105,0.0,434.0649719509066,434.1971985189134,435.05962013833465,432.5239797708606
4.080000000000001,1.7172276178047883,1.2818383324835614,27.822362614628346,0.028512238023859382,6.238096234386681,0.0,1.4934862079591433,0.9010678912664037,6.6373769114974115,-0.03750513828070365,-0.019749955768093345,0.0,450.27589382815034,448.7018073980665,447.6624387346084,447.1782834848092
4.14,1.807505868066399,1.3363319823783313,28.21897452090476,0.02630871587788608,6.236676743720857,0.0,1.5158971531083565,0.9152104052615583,6.583329707878762,-0.03521008277761323,-0.03291867948293019,0.0,430.3951809712194,429.2787833583038,430.41256743204247,430.60614421569034
4.199999999999998,1.899344911182396,1.391743710765953,28.616444809786568,0.02406413990326417,6.234517096953464,0.0,1.545579739205134,0.9316096190068087,6.665181716431465,-0.04221663177568424,-0.04298848363623223,0.0,472.3099745827543,471.53201189231214,472.2209013161469,471.6794099014699
4.259999999999997,1.9926325703906038,1.4479099118250054,29.01116230706967,0.021292058712504947,6.231715057659919,0.0,1.564218986757572,0.9404476873239768,6.493058006684553,-0.05567789257999866,-0.05540751748205826,0.0,391.4770158434422,390.3176780712352,389.9467980663947,388.6852341634906
4.319999999999996,2.0874359007508523,1.5047113659479263,29.402486397429175,0.017906358794011368,6.228452159248468,0.0,1.596185449445497,0.9525939146155231,6.5507176991859275,-0.057972466680676106,-0.05240574870409747,0.0,463.54110596683824,463.77515369894064,463.8371626798985,463.6548603110296
4.379999999999995,2.1839923229007723,1.5621032308160703,29.793186114331554,0.014984046350872582,6.226032913695892,0.0,1.6225851761985668,0.9602265110864543,6.473035564084496,-0.034692509631359024,-0.02324340800908194,0.0,419.7017533198595,422.2247292474245,420.88636756110816,422.8951596710702
4.439999999999993,2.282217671267826,1.6199235481247103,30.18015934765802,0.012541390669177588,6.224494712727196,0.0,1.651714174913755,0.9669350137162878,6.426326591162547,-0.05682606173907716,-0.03091268056003928,0.0,430.0623989454105,429.4119895719608,432.622578779228,430.75337311074856
4.499999999999992,2.382199621214239,1.6780978490118361,30.56407044766035,0.009103130308487195,6.222569718903742,0.0,1.681174562932517,0.9719312684981896,6.371012754096394,-0.05827805884907623,-0.034533090932620164,0.0,427.25999367643726,426.95071351573006,427.6381756201463,427.5120430353199
4.559999999999991,2.4841401763714392,1.7365372242352466,30.94731233710588,0.005729570899521974,6.220694239939039,0.0,1.71700216033463,0.9757209341464937,6.403516007650342,-0.052410354514913424,-0.025403470580153575,0.0,453.47045730749375,454.20307165403125,455.37235256698386,455.839520473282
4.6199999999999894,2.5884202010902375,1.7951533605228058,31.335042610093236,0.002418985472240287,6.21968185810378,0.0,1.759070567360988,0.97780198929395,6.520147204885219,-0.06137608020000655,-0.0037281887168349338,0.0,479.29536238062747,480.9402761265893,481.0996326475914,480.4183454859734
4.679999999999988,2.694997048640188,1.8538142402186943,31.72598061281404,6.282340072451096,6.219129308173347,0.0,1.793507414941754,0.9772562002092853,6.511174277798649,-0.0432128576353085,-0.023394051486117513,0.0,444.3077166442627,442.69215951326,442.8197730602205,444.3096640743321
4.739999999999987,2.8037678975847773,1.9123850743692412,32.11822660525832,6.279229785596549,6.2185919699596965,0.0,1.8322344469586993,0.9748397818340876,6.56337915843534,-0.08093926229773908,0.010402547014060633,0.0,461.0181550840109,463.6815123739149,464.0317059779497,461.0578741432742
4.799999999999986,2.914683761625145,1.9707544948159361,32.51083256294497,6.274005069329803,6.218790323048847,0.0,1.8649166486180875,0.9703881678949753,6.523737367209223,-0.10364181490939506,-0.01726966889066791,0.0,435.73302371996937,433.4128736088764,434.8311265383559,432.9178299400306
4.859999999999984,3.0279232051439835,2.028705931126868,32.90670110187266,6.2673984772756235,6.217851300631864,0.0,1.9097673761805403,0.9606278906330624,6.671020799673897,-0.12795930846986914,-0.012594076535820127,0.0,491.58295561298723,491.92949326594265,490.4399878324575,488.6202470720112
4.919999999999983,3.143665160646321,2.085970370367704,33.3082825464212,6.25929227667705,6.2171805592676765,0.0,1.9483307871801177,0.9474402433460182,6.714777320551954,-0.15585541023304395,-0.008489328367205281,0.0,461.5008416847973,461.824926872657,462.8785918842632,460.660749248617
4.979999999999982,3.2619304711880694,2.1422031988903005,33.71553504701868,6.250796844720682,6.217054104931208,0.0,1.993802471652207,0.9260311237552842,6.85944734491772,-0.12240929858620908,0.008306034730408017,0.0,491.53830426043334,492.78171212090945,490.6451986623742,493.1052227023357
5.0399999999999805,3.3825935635993107,2.1971336120759073,34.12655667516315,6.243710004912973,6.218038576505034,0.0,2.028218919694526,0.9043555979846323,6.841404197438029,-0.11067780916050463,0.02903144084106641,0.0,444.1793039565028,445.8761203011661,444.0408433074187,444.9898366747984
